于光舜	62.5	81.3	143.8
于志光	22	79.9	101.9
于光逸	22	82.2	104.2
于光朔	25	71.3	96.3
于光纺	65	71.3	136.3
于康光	23.5	70.4	93.9
于光菲	23	75.7	98.7
于光顺	62.5	81.3	143.8
于光思	64	82.0	146.0
于光飞	64	82.0	146.0
于光艺	25.5	70.8	96.3
于光丝	62.5	81.3	143.8
于琪光	21	74.6	95.6
于光家	25	71.3	96.3
于术光	23.5	70.4	93.9
于柔光	62	87.6	149.6
于光芬	25	71.3	96.3
于光帅	64	82.0	146.0
于光宜	24	72.3	96.3
于光瀚	65	75.0	140.0
于光君	22	81.3	103.3
于光纷	65	71.3	136.3
于光移	25.5	70.1	95.6
于光濂	62	70.5	132.5
于光澧	62	70.5	132.5
于鸣光	62	79.4	141.4
于光双	64	72.6	136.6
于绵光	62	79.4	141.4
于俊光	22	87.6	109.6
于炀光	21	74.6	95.6
于光序	62	81.3	143.3
于光峰	65	71.3	136.3
于光锋	62	82.2	144.2
于光风	64	82.0	146.0
于光泰	24	82.0	106.0
于涓光	63.5	70.4	133.9
于求光	22	77.3	99.3
于楚光	21	74.6	95.6
于德光	21	87.5	108.5
于光茵	22.5	81.3	103.8
于光聚	63	75.7	138.7
于奎光	22	87.6	109.6
于焘光	22	85.5	107.5
于细光	63.5	70.4	133.9
于方光	62	81.5	143.5
于锋光	61	87.5	148.5
于溱光	62	79.4	141.4
于光益	25	71.3	96.3
于光义	23	66.6	89.6
于光旨	22	77.3	99.3
于光毅	22	82.2	104.2
于光意	23	66.6	89.6
于光菊	23	75.7	98.7
于光亦	22	77.3	99.3
于浮光	63.5	70.4	133.9
于光堂	25.5	70.1	95.6
于光索	65	71.3	136.3
于弘光	61	77.0	138.0
于光棠	22.5	81.3	103.8
于光经	23	66.6	89.6
于家光	23	79.6	102.6
于沧光	62	79.4	141.4
于淦光	60.5	91.3	151.8
于光章	25.5	70.1	95.6
于光锁	64	72.6	136.6
于光忠	24	72.3	96.3
于光滔	63	75.7	138.7
于光涛	64	72.6	136.6
于绚光	60.5	91.3	151.8
于光桃	25	71.3	96.3
于民光	61	77.0	138.0
于光篇	22	82.2	104.2
于冠光	22	87.6	109.6
于光宪	62	74.2	136.2
于光腾	25	75.0	100.0
于光展	25	71.3	96.3
于光穗	62	70.5	132.5
于光钧	62.5	81.3	143.8
于光发	62.5	81.3	143.8
于佳光	22	85.6	107.6
于B光	20.5	91.3	111.8
于功光	21	77.0	98.0
于簦光	22	85.5	107.5
于光帆	62	77.3	139.3
于光素	65	71.3	136.3
于光天	23	76.3	99.3
于迅光	23	79.6	102.6
于光珂	25	71.3	96.3
于光闲	62.5	81.3	143.8
于光凡	63	69.7	132.7
于光瀛	65	75.0	140.0
于光耀	25	75.0	100.0
于种光	22	79.4	101.4
于统光	20.5	91.3	111.8
于光坊	22	81.3	103.3
于光芳	25	71.3	96.3
于凯光	20.5	91.3	111.8
于昭光	22	87.6	109.6
于策光	20.5	91.3	111.8
于光光	22	77.3	99.3
于蔡光	22	69.0	91.0
于玉光	21	77.0	98.0
于达光	22	72.8	94.8
于光广	22	82.2	104.2
于光中	23	76.3	99.3
于光濠	64	72.6	136.6
于滔光	62	79.4	141.4
于墉光	22	79.4	101.4
于穗光	62	69.0	131.0
于光潘	62	74.2	136.2
于光菩	23	75.7	98.7
于昀光	22	85.6	107.6
于光献	25	75.0	100.0
于光圭	22	77.3	99.3
于沛光	62	85.6	147.6
于光先	62	77.3	139.3
于欣光	22	85.6	107.6
于军光	22	87.6	109.6
于力光	20.5	91.4	111.9
于光普	62.5	81.3	143.8
于光勇	24	82.0	106.0
于献光	23	82.8	105.8
于光鹏	64	74.0	138.0
于汝光	62	79.9	141.9
于桢光	21	74.6	95.6
于光朋	62	81.3	143.3
于苓光	23.5	70.4	93.9
于光B	22.5	81.3	103.8
于光澎	62	74.2	136.2
于光业	23	66.6	89.6
于涵光	60.5	91.3	151.8
于光兴	62	82.2	144.2
于光沛	64	72.3	136.3
于光蔼	22.5	78.4	100.9
于安光	22	77.3	99.3
于恒光	63	79.6	142.6
于建光	22	87.6	109.6
于光培	25.5	70.1	95.6
于李光	22	79.9	101.9
于振光	23.5	70.4	93.9
于强光	23.5	70.4	93.9
于智光	20.5	91.3	111.8
于光种	23	75.7	98.7
于珑光	23.5	78.6	102.1
于光丰	24	72.6	96.6
于越光	20.5	91.3	111.8
于章光	23.5	70.4	93.9
于向光	62	77.3	139.3
于立光	21	77.0	98.0
于致光	22	87.6	109.6
于嘉光	22	79.4	101.4
于绫光	22	79.4	101.4
于荐光	22	78.1	100.1
于锐光	61	87.5	148.5
于谊光	21	87.5	108.5
于序光	62	79.9	141.9
于枪	23	79.8	102.8
于雨光	62	85.6	147.6
于濠光	62	85.5	147.5
于光桂	25	71.3	96.3
于世光	61	77.0	138.0
于稀光	20.5	91.3	111.8
于传光	21	74.6	95.6
于昂光	22	85.6	107.6
于光浓	62	70.5	132.5
于光纽	65	71.3	136.3
于光稼	22	82.2	104.2
于鹏光	62	78.1	140.1
于继光	23	82.8	105.8
于光细	65.5	70.1	135.6
于禀光	61	74.6	135.6
于光昌	64	72.3	136.3
于光霞	62	70.5	132.5
于源光	62	79.4	141.4
于光翔	22.5	81.3	103.8
于柿光	22	85.6	107.6
于光时	65	71.3	136.3
于光柴	24	82.0	106.0
于丝光	60.5	91.3	151.8
于光国	25.5	70.1	95.6
于光溪	63	75.7	138.7
于濂光	62	69.0	131.0
于佚光	22	79.9	101.9
于励光	22	69.0	91.0
于光果	24	72.3	96.3
于光稀	22.5	81.3	103.8
于融光	22	72.8	94.8
于光测	63	66.6	129.6
于英光	23.5	70.4	93.9
于光策	22.5	81.3	103.8
于光来	24	72.3	96.3
于光至	22	77.3	99.3
于光蓝	25	75.0	100.0
于光智	22.5	81.3	103.8
于光秀	62	81.3	143.3
于义光	21	74.6	95.6
于彬光	23.5	70.4	93.9
于光葡	22	82.2	104.2
于蓁光	22	72.8	94.8
于光苍	22	74.2	96.2
于光灿	22	70.5	92.5
于光治	64	82.0	146.0
于光莆	23	66.6	89.6
于芳光	23	79.6	102.6
于光坤	24	72.3	96.3
于光蔡	22	70.5	92.5
于光菜	23	75.7	98.7
于坤光	22	85.6	107.6
于光采	22	81.3	103.3
于伦光	23	79.6	102.6
于光才	63	76.3	139.3
于光远	22	70.5	92.5
于澧光	62	69.0	131.0
于晰光	60.5	91.3	151.8
于光州	62	77.3	139.3
于光谊	22	82.2	104.2
于光簿	64	74.0	138.0
于光乐	22	82.2	104.2
于光议	25	75.0	100.0
于光晓	22	74.2	96.2
于滨光	62	85.5	147.5
于光垒	24	72.6	96.6
于光向	62	77.3	139.3
于光泊	64	82.0	146.0
于光蕾	24	74.0	98.0
于为光	20.5	91.3	111.8
于光累	25.5	70.1	95.6
于光磊	22	82.2	104.2
于皓光	20.5	91.3	111.8
于光伯	62	81.3	143.3
于光镇	64	72.6	136.6
于凉光	23	79.6	102.6
于菩光	22	79.4	101.4
于光博	62.5	81.3	143.8
于光波	64	82.0	146.0
于稣光	62	72.8	134.8
于兴光	61	87.5	148.5
于曦光	23	82.8	105.8
于光志	22	81.3	103.3
于光湘	63	66.6	129.6
于光朗	25.5	70.1	95.6
于光栗	25	71.3	96.3
于光坚	25.5	70.1	95.6
于绮光	22	79.4	101.4
于光礼	24	72.6	96.6
于聪光	62	69.0	131.0
于光莉	23	66.6	89.6
于岩光	22	85.6	107.6
于稿光	21	87.5	108.5
于光城	25	71.3	96.3
于光励	22	70.5	92.5
于光利	22	81.3	103.3
于祥光	63.5	70.4	133.9
于藻光	60.5	86.9	147.4
于稻光	21	87.5	108.5
于光梨	25.5	70.1	95.6
于光贤	22	82.2	104.2
于光棱	22.5	81.3	103.8
于光理	22.5	81.3	103.8
于茄光	23.5	70.4	93.9
于光李	22	81.3	103.3
于荞光	22	85.5	107.5
于光离	24	74.0	98.0
于满光	61	87.5	148.5
于光雪	65.5	70.1	135.6
于光地	22	77.3	99.3
于晨光	63.5	70.4	133.9
于仁光	62	81.5	143.5
于光尧	22.5	81.3	103.8
于鑫光	62	76.0	138.0
于雪光	63.5	70.4	133.9
于深光	60.5	91.3	151.8
于彪光	63.5	70.4	133.9
于然光	60.5	91.3	151.8
于纾光	63	79.6	142.6
于柑光	22	87.6	109.6
于泽光	62	69.0	131.0
于光颍	62	82.2	144.2
于栅光	22	87.6	109.6
于基光	23.5	70.4	93.9
于菘光	22	79.4	101.4
于菽光	22	79.4	101.4
于帅光	62	87.6	149.6
于光轩	25	71.3	96.3
于帆光	62	77.3	139.3
于光庭	25	71.3	96.3
于光星	64	82.0	146.0
于照光	21	74.6	95.6
于萦光	22	72.8	94.8
于光绩	22	70.5	92.5
于光求	22	77.3	99.3
于光统	22.5	81.3	103.8
于东光	22	85.6	107.6
于光佳	24	72.3	96.3
于堂光	23.5	70.4	93.9
于广光	21	87.5	108.5
于槿光	21	87.5	108.5
于春光	62	87.6	149.6
于腾光	23	82.8	105.8
于刚光	63	79.6	142.6
于地光	22	77.3	99.3
于昌光	62	85.6	147.6
于光济	64	72.6	136.6
于晔光	22	72.8	94.8
于经光	21	74.6	95.6
于映光	22	87.6	109.6
于信光	62	87.6	149.6
于驰光	21	74.6	95.6
于荧光	22	79.4	101.4
于楼光	21	87.5	108.5
于光芷	25	71.3	96.3
于蕴光	20.5	86.9	107.4
于光欣	24	72.3	96.3
于纽光	63	79.6	142.6
于云光	60.5	91.3	151.8
于桦光	22	72.8	94.8
于纭光	23	79.6	102.6
于名光	62	77.3	139.3
于贤光	21	87.5	108.5
于梨光	23.5	70.4	93.9
于邦光	63.5	70.4	133.9
于琛光	61	74.6	135.6
于圯光	22	77.3	99.3
于芬光	23	79.6	102.6
于光靖	63	66.6	129.6
于光禀	63	66.6	129.6
于桃光	23	79.6	102.6
于光树	22	74.2	96.2
于缘光	21	87.5	108.5
于光术	25.5	70.1	95.6
于蕤光	22	85.5	107.5
于光蒙	62	74.2	136.2
于光茄	25.5	70.1	95.6
于昕光	22	85.6	107.6
于测光	61	74.6	135.6
于顺光	60.5	91.3	151.8
于儒光	62	72.8	134.8
于综光	62	79.4	141.4
于纹光	63	79.6	142.6
于光棉	22.5	81.3	103.8
于样光	21	87.5	108.5
于诗光	61	74.6	135.6
于蒿光	22	72.8	94.8
于和光	62	85.6	147.6
于进光	21	87.5	108.5
于钊光	63	79.6	142.6
于光彰	23	75.7	98.7
于霆光	61	87.5	148.5
于国光	23.5	70.4	93.9
于光湄	63	66.6	129.6
于晗光	23.5	70.4	93.9
于光景	22.5	81.3	103.8
于光绸	63	75.7	138.7
于光目	62	72.4	134.4
于光滢	64	74.0	138.0
于光谋	62	74.2	136.2
于迎光	23.5	70.4	93.9
于光苗	65.5	70.1	135.6
于光绵	63	75.7	138.7
于伸光	62	79.9	141.9
于光是	64	82.0	146.0
于光淙	62.5	81.3	143.8
于光鸣	63	75.7	138.7
于光铭	63	75.7	138.7
于光名	62	77.3	139.3
于光淞	62.5	81.3	143.8
于光淅	62.5	81.3	143.8
于铭光	62	79.4	141.4
于光敬	23	66.6	89.6
于光民	62	72.4	134.4
于光墅	23	75.7	98.7
于光淦	62.5	81.3	143.8
于轩光	23	79.6	102.6
于光涓	65.5	70.1	135.6
于秤光	63	79.6	142.6
于栋光	20.5	91.3	111.8
于灿光	22	69.0	91.0
于光杏	22	81.3	103.3
于瀛光	63	82.8	145.8
于启光	23.5	70.4	93.9
于光士	63	69.7	132.7
于州光	62	77.3	139.3
于光洳	65	71.3	136.3
于光	25	71.5	96.5
于蓉光	22	72.8	94.8
于光纳	25	71.3	96.3
于光圣	23	66.6	89.6
于增光	21	87.5	108.5
于光盛	62.5	81.3	143.8
于乐光	21	87.5	108.5
于光牧	64	72.3	136.3
于苍光	22	72.8	94.8
于光诗	63	66.6	129.6
于絮光	60.5	91.3	151.8
于誉光	23.5	78.6	102.1
于光茂	25.5	70.1	95.6
于光宁	23	75.7	98.7
于光纪	24	82.0	106.0
于颖光	22	72.8	94.8
于木光	22	81.5	103.5
于苦光	23.5	70.4	93.9
于福光	62	79.4	141.4
于蕾光	22	78.1	100.1
于积光	22	72.8	94.8
于卫光	21	87.5	108.5
于楠光	21	74.6	95.6
于培光	23.5	70.4	93.9
于光	23	79.8	102.8
于华光	62	79.4	141.4
于光藩	65.5	70.8	136.3
于圣光	21	74.6	95.6
于朱光	22	77.3	99.3
于光沈	64	72.3	136.3
于尘光	22	79.4	101.4
于荪光	22	72.8	94.8
于光功	22	72.4	94.4
于新光	61	74.6	135.6
于光添	62.5	81.3	143.8
于光巩	22	82.2	104.2
于光鑫	63	75.7	138.7
于若光	23.5	70.4	93.9
于光胜	62.5	81.3	143.8
于光绿	23	75.7	98.7
于光田	22	72.4	94.4
于澎光	62	72.8	134.8
于语光	22	79.4	101.4
于光束	62	81.3	143.3
于炎光	22	85.6	107.6
于韬光	22	78.1	100.1
于望光	63.5	70.4	133.9
于毅光	21	87.5	108.5
于光庆	22	82.2	104.2
于彩光	63.5	70.4	133.9
于光隆	22	70.5	92.5
于风光	62	87.6	149.6
于富光	60.5	91.3	151.8
于纺光	63	79.6	142.6
于光菘	23	75.7	98.7
于纷光	63	79.6	142.6
于行光	62	77.3	139.3
于光洲	65	71.3	136.3
于谦光	22	69.0	91.0
于萧光	22	85.5	107.5
于光荪	22	74.2	96.2
于稠光	61	74.6	135.6
于笑光	63	79.6	142.6
于敬光	21	74.6	95.6
于成光	62	79.9	141.9
于影光	21	87.5	108.5
于朋光	62	79.9	141.9
于光菡	23	75.7	98.7
于光萦	22	74.2	96.2
于光浩	65.5	70.1	135.6
于可光	21	77.0	98.0
于材光	22	79.9	101.9
于谋光	62	72.8	134.8
于歌光	22	79.4	101.4
于纪光	22	87.6	109.6
于光贵	22.5	81.3	103.8
于光菽	23	75.7	98.7
于梧光	23.5	70.4	93.9
于杏光	22	79.9	101.9
于朔光	23	79.6	102.6
于骅光	60.5	86.9	147.4
于埕光	23	79.6	102.6
于跃光	23.5	78.6	102.1
于龙光	22	72.8	94.8
于光铁	65.5	70.8	136.3
于申光	61	77.0	138.0
于聚光	62	79.4	141.4
于光霆	62	82.2	144.2
于绒光	60.5	91.3	151.8
于等光	20.5	91.3	111.8
于光固	24	72.3	96.3
于光松	24	72.6	96.6
于旦光	21	77.0	98.0
于萼光	21	87.5	108.5
于绿光	22	79.4	101.4
于贵光	20.5	91.3	111.8
于光萼	22	82.2	104.2
于森光	20.5	91.3	111.8
于光冠	24	82.0	106.0
于光蒿	22	74.2	96.2
于平光	61	77.0	138.0
于绥光	61	74.6	135.6
于光梓	25.5	70.1	95.6
于光蓁	22	74.2	96.2
于光纶	23	75.7	98.7
于光晰	62.5	81.3	143.8
于纳光	23	79.6	102.6
于光钦	62.5	81.3	143.8
于堆光	23.5	70.4	93.9
于光秦	25	71.3	96.3
于光土	23	69.7	92.7
于光析	24	72.3	96.3
于光申	62	72.4	134.4
于Z光	23	79.8	102.8
于元光	22	81.5	103.5
于旺光	22	85.6	107.6
于淙光	60.5	91.3	151.8
于廉光	21	74.6	95.6
于光梧	25.5	70.1	95.6
于清光	60.5	91.3	151.8
于光武	64	72.3	136.3
于光略	25.5	70.1	95.6
于友光	22	81.5	103.5
于淇光	60.5	91.3	151.8
于易光	22	85.6	107.6
于芦光	20.5	86.9	107.4
于晃光	23	79.6	102.6
于光涡	63	66.6	129.6
于斌光	63.5	70.4	133.9
于柏光	22	87.6	109.6
于格光	23	79.6	102.6
于光稿	22	82.2	104.2
于荥光	62	79.4	141.4
于光清	62.5	81.3	143.8
于光晴	22.5	81.3	103.8
于泓光	62	87.6	149.6
于光卫	22	82.2	104.2
于大光	21	74.9	95.9
于光纹	65	71.3	136.3
于光文	63	76.3	139.3
于缨光	21	81.8	102.8
于固光	22	85.6	107.6
于翔光	20.5	91.3	111.8
于光纯	65	71.3	136.3
于析光	22	85.6	107.6
于光纬	22	82.2	104.2
于怡光	22	87.6	109.6
于光伟	25.5	70.1	95.6
于光晏	25	71.3	96.3
于阳光	22	69.0	91.0
于光蔚	22	70.5	92.5
于光潍	64	72.6	136.6
于光为	22.5	81.3	103.8
于朗光	23.5	70.4	93.9
于光维	23	75.7	98.7
于光绢	23	66.6	89.6
于移光	23.5	70.4	93.9
于光韦	24	82.0	106.0
于昆光	22	85.6	107.6
于晓光	22	72.8	94.8
于朵光	22	77.3	99.3
于生光	61	77.0	138.0
于泰光	22	87.6	109.6
于晏光	23	79.6	102.6
于光蔷	24	74.0	98.0
于光强	25.5	70.1	95.6
于荃光	20.5	91.3	111.8
于光纾	65	71.3	136.3
于骁光	60.5	86.9	147.4
于涂光	61	74.6	135.6
于辉光	61	87.5	148.5
于牧光	62	85.6	147.6
于光颖	22	74.2	96.2
于承光	62	85.6	147.6
于兑光	62	79.9	141.9
于光暄	63	66.6	129.6
于来光	22	85.6	107.6
于选光	62	78.1	140.1
于雄光	60.5	91.3	151.8
于铁光	63.5	78.6	142.1
于齐光	62	79.4	141.4
于光昶	24	82.0	106.0
于光昱	24	82.0	106.0
于晁光	63	79.6	142.6
于光剑	62	82.2	144.2
于光之	23	76.3	99.3
于光健	25.5	70.1	95.6
于光晗	25.5	70.1	95.6
于光蒋	22	70.5	92.5
于光晖	63	66.6	129.6
于艮光	22	77.3	99.3
于光晁	65	71.3	136.3
于光晔	22	74.2	96.2
于光建	24	82.0	106.0
于光旺	24	72.3	96.3
于沈光	62	85.6	147.6
于金光	62	85.6	147.6
于锦光	62	72.8	134.8
于垂光	62	85.6	147.6
于光聪	62	70.5	132.5
于光晟	25.5	70.1	95.6
于茵光	20.5	91.3	111.8
于光东	24	72.3	96.3
于光格	25	71.3	96.3
于茂光	23.5	70.4	93.9
于耀光	23	82.8	105.8
于光董	22	82.2	104.2
于光炀	23	66.6	89.6
于光晶	22.5	81.3	103.8
于蔷光	22	78.1	100.1
于光语	23	75.7	98.7
于光洞	65	71.3	136.3
于橙光	22	72.8	94.8
于咏光	22	85.6	107.6
于淳光	60.5	91.3	151.8
于庭光	23	79.6	102.6
于光学	62	74.2	136.2
于光绚	62.5	81.3	143.8
于轮光	21	87.5	108.5
于睿光	62	79.4	141.4
于铜光	62	79.4	141.4
于光锦	62	74.2	136.2
于光津	65	71.3	136.3
于光金	64	72.3	136.3
于光演	62	82.2	144.2
于光岩	24	72.3	96.3
于川光	61	74.9	135.9
于光晋	25	71.3	96.3
于光炎	24	72.3	96.3
于光进	22	82.2	104.2
于光颜	24	72.6	96.6
于光泓	64	82.0	146.0
于光兑	62	81.3	143.3
于光堆	25.5	70.1	95.6
于双光	62	85.5	147.5
于绅光	63.5	70.4	133.9
于光洁	62	74.2	136.2
于子光	61	74.9	135.9
于礼光	22	85.5	107.5
于梓光	23.5	70.4	93.9
于淞光	60.5	91.3	151.8
于缁光	22	79.4	101.4
于光焘	24	72.6	96.6
于光凤	63	75.7	138.7
于光样	22	82.2	104.2
于光丞	62	77.3	139.3
于绸光	62	79.4	141.4
于正光	61	77.0	138.0
于光朵	22	77.3	99.3
于士光	61	74.9	135.9
于光洋	65	71.3	136.3
于光杰	22.5	81.3	103.8
于滢光	62	78.1	140.1
于光昊	24	72.3	96.3
于光阳	22	70.5	92.5
于胜光	60.5	91.3	151.8
于凤光	62	79.4	141.4
于光恩	25	71.3	96.3
于昱光	22	87.6	109.6
于蕃光	22	85.5	107.5
于豪光	62	79.4	141.4
于博光	60.5	91.3	151.8
于篇光	21	87.5	108.5
于竺光	22	85.6	107.6
于昊光	22	85.6	107.6
于茜光	20.5	91.3	111.8
于荣光	22	79.4	101.4
于湄光	61	74.6	135.6
于光谦	22	70.5	92.5
于光雨	64	72.3	136.3
于兵光	62	79.9	141.9
于彦光	22	87.6	109.6
于菡光	22	79.4	101.4
于炳光	22	87.6	109.6
于震光	61	87.5	148.5
于圻光	22	79.9	101.9
于有光	22	77.3	99.3
于光绥	63	66.6	129.6
于莉光	21	74.6	95.6
于珂光	23	79.6	102.6
于展光	23	79.6	102.6
于丞光	62	77.3	139.3
于良光	22	79.9	101.9
于缜光	62	72.8	134.8
于济光	62	85.5	147.5
于尚光	62	85.6	147.6
于崇光	63.5	70.4	133.9
于光溱	63	75.7	138.7
于光植	22.5	81.3	103.8
于油光	62	87.6	149.6
于绣光	62	85.5	147.5
于起光	23	79.6	102.6
于芍光	22	87.6	109.6
于益光	23	79.6	102.6
于科光	22	87.6	109.6
于文光	62	81.5	143.5
于盛光	60.5	91.3	151.8
于永光	61	77.0	138.0
于磊光	21	87.5	108.5
于旭光	22	77.3	99.3
于奇光	22	85.6	107.6
于裕光	61	74.6	135.6
于蒙光	62	72.8	134.8
于坊光	22	79.9	101.9
于素光	63	79.6	142.6
于光蕤	24	72.6	96.6
于光昕	24	72.3	96.3
于祖光	63	79.6	142.6
于光圯	22	77.3	99.3
于藩光	63.5	78.6	142.1
于光圻	22	81.3	103.3
于洪光	63	79.6	142.6
于光钢	62	74.2	136.2
于汪光	62	85.6	147.6
于晖光	61	74.6	135.6
于光篆	22	82.2	104.2
于光驰	23	66.6	89.6
于垒光	22	85.5	107.5
于宣光	62	87.6	149.6
于会光	61	74.6	135.6
于光埕	25	71.3	96.3
于业光	21	74.6	95.6
于宏光	62	79.9	141.9
于群光	21	74.6	95.6
于勇光	22	87.6	109.6
于光绫	23	75.7	98.7
于光备	62.5	81.3	143.8
于光绯	63	75.7	138.7
于光本	22	72.4	94.4
于光歌	23	75.7	98.7
于目光	61	77.0	138.0
于颜光	22	85.5	107.5
于函光	62	85.6	147.6
于光村	22	81.3	103.3
于光栅	24	82.0	106.0
于光缁	23	75.7	98.7
于沥光	63	82.8	145.8
于光苓	25.5	70.1	95.6
于飞光	62	87.6	149.6
于光钊	65	71.3	136.3
于超光	60.5	91.3	151.8
于索光	63	79.6	142.6
于闲光	60.5	91.3	151.8
于光薄	64	74.0	138.0
于光宝	25	75.0	100.0
于穆光	62	72.8	134.8
于光荞	24	72.6	96.6
于光柑	24	82.0	106.0
于圭光	22	77.3	99.3
于光荃	22.5	81.3	103.8
于秀光	62	79.9	141.9
于蒂光	21	87.5	108.5
于光荧	23	75.7	98.7
于光竹	22	77.3	99.3
于光臻	22	74.2	96.2
于光澄	62	74.2	136.2
于光秤	65	71.3	136.3
于光荥	63	75.7	138.7
于衡光	22	72.8	94.8
于光高	25	71.3	96.3
于光诚	63	75.7	138.7
于光纲	23	75.7	98.7
于光世	62	72.4	134.4
于光茜	22.5	81.3	103.8
于心光	62	81.5	143.5
于光刚	65	71.3	136.3
于光橙	22	74.2	96.2
于棱光	20.5	91.3	111.8
于光稠	63	66.6	129.6
于壁光	22	72.8	94.8
于光兵	62	81.3	143.3
于光炳	24	82.0	106.0
于淄光	60.5	91.3	151.8
于光秉	64	72.3	136.3
于山光	21	74.9	95.9
于光彬	25.5	70.1	95.6
于光斌	65.5	70.1	135.6
于蔚光	22	69.0	91.0
于光浮	65.5	70.1	135.6
于光泳	64	82.0	146.0
于光福	63	75.7	138.7
于光滨	64	72.6	136.6
于村光	22	79.9	101.9
于光彪	65.5	70.1	135.6
于紫光	63.5	70.4	133.9
于光承	64	72.3	136.3
于塞光	61	74.6	135.6
于亦光	22	77.3	99.3
于伯光	62	79.9	141.9
于光涪	62.5	81.3	143.8
于光亿	22	82.2	104.2
于暄光	61	74.6	135.6
于光震	62	82.2	144.2
于光振	25.5	70.1	95.6
于光壁	22	74.2	96.2
于光政	24	72.3	96.3
于光均	22	81.3	103.3
于光罡	65.5	70.1	135.6
于先光	62	77.3	139.3
于瑞光	62	79.4	141.4
于才光	62	81.5	143.5
于光乾	25.5	70.1	95.6
于光木	23	76.3	99.3
于思光	62	87.6	149.6
于略光	23.5	70.4	93.9
于光绽	23	75.7	98.7
于光哲	25	71.3	96.3
于光正	62	72.4	134.4
于光缜	62	74.2	136.2
于光睿	63	75.7	138.7
于潘光	62	72.8	134.8
于菊光	22	79.4	101.4
于光照	23	66.6	89.6
于光墉	23	75.7	98.7
于光缤	65	75.0	140.0
于光昭	24	82.0	106.0
于淀光	62	69.0	131.0
于廷光	22	79.9	101.9
于光富	62.5	81.3	143.8
于旨光	22	77.3	99.3
于光珑	25.5	70.8	96.3
于峰光	63	79.6	142.6
于杰光	20.5	91.3	111.8
于洳光	63	79.6	142.6
于亿光	21	87.5	108.5
于凡光	61	74.9	135.9
于光	25	71.5	96.5
于光槐	23	75.7	98.7
于光蕃	24	72.6	96.6
于谱光	63	82.8	145.8
于月光	22	81.5	103.5
于冬光	21	77.0	98.0
于柬光	22	87.6	109.6
于光蒂	22	82.2	104.2
于松光	22	85.5	107.5
于光绮	23	75.7	98.7
于光楹	23	66.6	89.6
于光榛	23	75.7	98.7
于淼光	60.5	91.3	151.8
于棣光	20.5	91.3	111.8
于光榭	23	75.7	98.7
于光昆	24	72.3	96.3
于舜光	60.5	91.3	151.8
于光易	24	72.3	96.3
于壮光	62	79.9	141.9
于光楠	23	66.6	89.6
于泊光	62	87.6	149.6
于镇光	62	85.5	147.5
于光琪	23	66.6	89.6
于光柿	24	72.3	96.3
于漆光	61	87.5	148.5
于光棣	22.5	81.3	103.8
于潍光	62	85.5	147.5
于奕光	22	87.6	109.6
于光敖	25.5	70.1	95.6
于澄光	62	72.8	134.8
于涪光	60.5	91.3	151.8
于离光	22	78.1	100.1
于艺光	23.5	78.6	102.1
于光榕	23	75.7	98.7
于光积	22	74.2	96.2
于光槿	22	82.2	104.2
于光曦	25	75.0	100.0
于光基	25.5	70.1	95.6
于树光	22	72.8	94.8
于颍光	61	87.5	148.5
于光明	64	72.3	136.3
于簿光	62	78.1	140.1
于维光	22	79.4	101.4
于菱光	22	79.4	101.4
于光晃	25	71.3	96.3
于泉光	62	87.6	149.6
于光皓	22.5	81.3	103.8
于光霖	62	74.2	136.2
于同光	22	77.3	99.3
于光辉	62	82.2	144.2
于利光	22	79.9	101.9
于均光	22	79.9	101.9
于光军	24	82.0	106.0
于光昂	24	72.3	96.3
于演光	61	87.5	148.5
于光绣	64	72.6	136.6
于言光	22	79.9	101.9
于伟光	23.5	70.4	93.9
于光等	22.5	81.3	103.8
于光荐	24	74.0	98.0
于朴光	22	72.8	94.8
于光登	22.5	81.3	103.8
于光昀	24	72.3	96.3
于光德	22	82.2	104.2
于治光	62	87.6	149.6
于润光	62	72.8	134.8
于光山	23	69.7	92.7
于光絮	62.5	81.3	143.8
于纲光	22	79.4	101.4
于光旭	22	77.3	99.3
于光怡	24	82.0	106.0
于健光	23.5	70.4	93.9
于崖光	23.5	70.4	93.9
于敖光	23.5	70.4	93.9
于理光	20.5	91.3	111.8
于光莎	23	66.6	89.6
于早光	62	77.3	139.3
于光森	22.5	81.3	103.8
于光信	64	82.0	146.0
于光心	63	76.3	139.3
于溪光	62	79.4	141.4
于光江	62	81.3	143.3
于光辛	62	81.3	143.3
于光淇	62.5	81.3	143.8
于光新	63	66.6	129.6
于光林	24	72.3	96.3
于光楼	22	82.2	104.2
于宁光	22	79.4	101.4
于绩光	22	69.0	91.0
于湘光	61	74.6	135.6
于光力	22.5	81.4	103.9
于庆光	21	87.5	108.5
于高光	23	79.6	102.6
于程光	20.5	91.3	111.8
于光行	62	77.3	139.3
于丁光	20.5	91.4	111.9
于蓝光	23	82.8	105.8
于连光	22	79.4	101.4
于秦光	23	79.6	102.6
于光继	25	75.0	100.0
于光雄	62.5	81.3	143.8
于光嘉	23	75.7	98.7
于滋光	62	79.4	141.4
于光绅	65.5	70.1	135.6
于光笑	65	71.3	136.3
于至光	22	77.3	99.3
于光同	22	77.3	99.3
于光生	62	72.4	134.4
于光有	22	77.3	99.3
于厚光	62	87.6	149.6
于纶光	22	79.4	101.4
于光迅	25	71.3	96.3
于光升	63	76.3	139.3
于淅光	60.5	91.3	151.8
于沣光	60.5	86.9	147.4
于栗光	23	79.6	102.6
于昶光	22	87.6	109.6
于纯光	63	79.6	142.6
于瀚光	63	82.8	145.8
于光伦	25	71.3	96.3
于光轮	22	82.2	104.2
于浚光	63.5	70.4	133.9
于光深	62.5	81.3	143.8
于光伸	62	81.3	143.3
于韦光	22	87.6	109.6
于瑜光	62	79.4	141.4
于发光	60.5	91.3	151.8
于光芍	24	82.0	106.0
于创光	60.5	91.3	151.8
于在光	62	77.3	139.3
于光旦	22	72.4	94.4
于光络	22.5	81.3	103.8
于剑光	61	87.5	148.5
于光洛	65	71.3	136.3
于葡光	21	87.5	108.5
于光绍	65.5	70.1	135.6
于光稻	22	82.2	104.2
于光菱	23	75.7	98.7
于星光	62	87.6	149.6
于涛光	62	85.5	147.5
于恩光	23	79.6	102.6
于光满	62	82.2	144.2
于坚光	23.5	70.4	93.9
于时光	63	79.6	142.6
于稼光	21	87.5	108.5
于柳光	22	87.6	109.6
于浩光	63.5	70.4	133.9
于柴光	22	87.6	109.6
于光楷	23	66.6	89.6
于光凯	22.5	81.3	103.8
于芷光	23	79.6	102.6
于光俊	24	82.0	106.0
于光浚	65.5	70.1	135.6
于光箴	22	82.2	104.2
于光骏	62	70.5	132.5
于逸光	21	87.5	108.5
于梁光	23.5	70.4	93.9
于隆光	22	69.0	91.0
于光淼	62.5	81.3	143.8
于宝光	23	82.8	105.8
于光艮	22	77.3	99.3
于董光	21	87.5	108.5
于光冬	22	72.4	94.4
于光康	25.5	70.1	95.6
于希光	62	79.9	141.9
于光佚	22	81.3	103.3
于光綦	23	75.7	98.7
于光穆	62	74.2	136.2
于靖光	61	74.6	135.6
于篆光	21	87.5	108.5
于宇光	22	77.3	99.3
于意光	21	74.6	95.6
于柯光	22	87.6	109.6
于光影	22	82.2	104.2
于晟光	23.5	70.4	93.9
于光映	24	82.0	106.0
于威光	22	87.6	109.6
于光迎	25.5	70.1	95.6
于光栋	22.5	81.3	103.8
于骏光	62	69.0	131.0
于光营	22	70.5	92.5
于光安	22	77.3	99.3
于霞光	62	69.0	131.0
于秉光	62	85.6	147.6
于光缨	23	82.2	105.2
于薪光	22	78.1	100.1
于光英	25.5	70.1	95.6
于光竺	24	72.3	96.3
于光榆	23	66.6	89.6
于巩光	21	87.5	108.5
于天光	22	81.5	103.5
于泳光	62	87.6	149.6
于光苦	25.5	70.1	95.6
于充光	22	77.3	99.3
于河光	62	87.6	149.6
于光选	64	74.0	138.0
于畅光	22	79.4	101.4
于光油	64	82.0	146.0
于光葵	22	82.2	104.2
于光奎	24	82.0	106.0
于光华	63	75.7	138.7
于光奕	24	82.0	106.0
于光朱	22	77.3	99.3
于光永	62	72.4	134.4
于光柏	24	82.0	106.0
于光况	64	82.0	146.0
于普光	60.5	91.3	151.8
于光可	22	72.4	94.4
于光誉	25.5	70.8	96.3
于涡光	61	74.6	135.6
于洛光	63	79.6	142.6
于岚光	20.5	91.3	111.8
于鸿光	62	69.0	131.0
于光柯	24	82.0	106.0
于光邦	65.5	70.1	135.6
于光玉	22	72.4	94.4
于况光	62	87.6	149.6
于明光	62	85.6	147.6
于綦光	22	79.4	101.4
于远光	22	69.0	91.0
于林光	22	85.6	107.6
于洞光	63	79.6	142.6
于光与	23	75.7	98.7
于楷光	21	74.6	95.6
于悦光	63.5	70.4	133.9
于榛光	22	79.4	101.4
于日光	22	81.5	103.5
于光簦	24	72.6	96.6
于虹光	22	87.6	109.6
于土光	21	74.9	95.9
于罡光	63.5	70.4	133.9
于竹光	22	77.3	99.3
于升光	62	81.5	143.5
于光藻	62.5	78.4	140.9
于光淀	62	70.5	132.5
于光早	62	77.3	139.3
于光丁	22.5	81.4	103.9
于光骁	62.5	78.4	140.9
于光科	24	82.0	106.0
于哲光	23	79.6	102.6
于光泽	62	70.5	132.5
于光骅	62.5	78.4	140.9
于洲光	63	79.6	142.6
于累光	23.5	70.4	93.9
于光增	22	82.2	104.2
于光希	62	81.3	143.3
于光蕴	22.5	78.4	100.9
于光韵	24	74.0	98.0
于光苹	22.5	78.4	100.9
于光坪	24	72.3	96.3
于光悦	65.5	70.1	135.6
于光月	23	76.3	99.3
于光宇	22	77.3	99.3
于光平	62	72.4	134.4
于光云	62.5	81.3	143.8
于纬光	21	87.5	108.5
于楹光	21	74.6	95.6
于光汪	64	72.3	136.3
于光在	62	77.3	139.3
于光万	62	82.2	144.2
于桂光	23	79.6	102.6
于光沐	64	72.3	136.3
于光威	24	82.0	106.0
于浦光	63.5	70.4	133.9
于汁光	62	77.3	139.3
于光漂	62	82.2	144.2
于光望	65.5	70.1	135.6
于光朴	22	74.2	96.2
于彰光	22	79.4	101.4
于光元	23	76.3	99.3
于光谱	65	75.0	140.0
于光浦	65.5	70.1	135.6
于韵光	22	78.1	100.1
于光致	24	82.0	106.0
于莎光	21	74.6	95.6
于光裕	63	66.6	129.6
于与光	22	79.4	101.4
于槐光	22	79.4	101.4
于洋光	63	79.6	142.6
于景光	20.5	91.3	111.8
于光越	22.5	81.3	103.8
于光言	22	81.3	103.3
于菲光	22	79.4	101.4
于光跃	25.5	70.8	96.3
于光沣	62.5	78.4	140.9
于光缘	22	82.2	104.2
于光源	63	75.7	138.7
于田光	21	77.0	98.0
于亨光	62	79.9	141.9
于光咏	24	72.3	96.3
于翰光	62	72.8	134.8
于光亭	24	82.0	106.0
于光起	25	71.3	96.3
于光廷	22	81.3	103.3
于营光	22	69.0	91.0
于光启	25.5	70.1	95.6
于光纭	25	71.3	96.3
于尧光	20.5	91.3	111.8
于绽光	22	79.4	101.4
于光铜	63	75.7	138.7
于果光	22	85.6	107.6
于光桐	25	71.3	96.3
于是光	62	87.6	149.6
于光沧	63	75.7	138.7
于光漆	62	82.2	144.2
于光奇	24	72.3	96.3
于光棋	22.5	81.3	103.8
于晴光	20.5	91.3	111.8
于光齐	63	75.7	138.7
于光涂	63	66.6	129.6
于禾光	61	77.0	138.0
于海光	63.5	70.4	133.9
于光稚	23	66.6	89.6
于光虹	24	82.0	106.0
于光辰	22	81.3	103.3
于光尘	23	75.7	98.7
于光晨	65.5	70.1	135.6
于光恒	65	71.3	136.3
于光衡	22	74.2	96.2
于光亨	62	81.3	143.3
于议光	23	82.8	105.8
于菜光	22	79.4	101.4
于光弘	62	72.4	134.4
于光宏	62	81.3	143.3
于光洪	65	71.3	136.3
于光鸿	62	70.5	132.5
于光超	62.5	81.3	143.8
于光崖	25.5	70.1	95.6
于光壮	62	81.3	143.3
于光畅	23	75.7	98.7
于光厚	64	82.0	146.0
于臻光	22	72.8	94.8
于宪光	62	72.8	134.8
于光岚	22.5	81.3	103.8
于榕光	22	79.4	101.4
于武光	62	85.6	147.6
于苹光	20.5	86.9	107.4
于光川	63	69.7	132.7
于光传	23	66.6	89.6
于墅光	22	79.4	101.4
于航光	63	79.6	142.6
于光豪	63	75.7	138.7
于络光	20.5	91.3	111.8
于光和	64	72.3	136.3
于光禾	62	72.4	134.4
于稚光	21	74.6	95.6
于光栩	25	71.3	96.3
于光垂	64	72.3	136.3
于光春	64	82.0	146.0
于光河	64	82.0	146.0
于光桦	22	74.2	96.2
于光淳	62.5	81.3	143.8
于光桢	23	66.6	89.6
于丰光	22	85.5	107.5
于光柬	24	82.0	106.0
于光Z	25	71.5	96.5
于光创	62.5	81.3	143.8
于光友	23	76.3	99.3
于光彩	65.5	70.1	135.6
于添光	60.5	91.3	151.8
于光楚	23	66.6	89.6
于光海	65.5	70.1	135.6
于亭光	22	87.6	109.6
于光祖	65	71.3	136.3
于光函	64	72.3	136.3
于宜光	22	85.6	107.6
于光涵	62.5	81.3	143.8
于中光	22	81.5	103.5
于漂光	61	87.5	148.5
于钦光	60.5	91.3	151.8
于葵光	21	87.5	108.5
于光宣	64	82.0	146.0
于光翰	62	74.2	136.2
于诚光	62	79.4	141.4
于光充	22	77.3	99.3
于光廉	23	66.6	89.6
于光航	65	71.3	136.3
于光崇	65.5	70.1	135.6
于霖光	62	72.8	134.8
于君光	22	79.9	101.9
于光材	22	81.3	103.3
于光达	22	74.2	96.2
于光韬	24	74.0	98.0
于政光	22	85.6	107.6
于光滋	63	75.7	138.7
于光淄	62.5	81.3	143.8
于光紫	65.5	70.1	135.6
于光程	22.5	81.3	103.8
于光尚	64	72.3	136.3
于棋光	20.5	91.3	111.8
于光子	63	69.7	132.7
于万光	61	87.5	148.5
于光成	62	81.3	143.3
于蔼光	20.5	86.9	107.4
于光瑜	63	75.7	138.7
于光大	23	69.7	92.7
于光综	63	75.7	138.7
于光琛	63	66.6	129.6
于忠光	22	85.6	107.6
于光龙	22	74.2	96.2
于缤光	63	82.8	145.8
于江光	62	79.9	141.9
于津光	63	79.6	142.6
于光稣	62	74.2	136.2
于光塞	63	66.6	129.6
于光若	25.5	70.1	95.6
于光亮	24	82.0	106.0
于光锐	62	82.2	144.2
于光瑞	63	75.7	138.7
于光润	62	74.2	136.2
于城光	23	79.6	102.6
于乾光	23.5	70.4	93.9
于棉光	20.5	91.3	111.8
于栩光	23	79.6	102.6
于光淋	62.5	81.3	143.8
于光汝	62	81.3	143.3
于光儒	62	74.2	136.2
于辰光	22	79.9	101.9
于钢光	62	72.8	134.8
于光柔	64	82.0	146.0
于光会	63	66.6	129.6
于箴光	21	87.5	108.5
于光绒	62.5	81.3	143.8
于光荣	23	75.7	98.7
于光蓉	22	74.2	96.2
于光融	22	74.2	96.2
于光日	23	76.3	99.3
于学光	62	72.8	134.8
于束光	62	79.9	141.9
于棠光	20.5	91.3	111.8
于波光	62	87.6	149.6
于锁光	62	85.5	147.5
于钧光	60.5	91.3	151.8
于光柳	24	82.0	106.0
于绯光	62	79.4	141.4
于蒋光	22	69.0	91.0
于全光	22	77.3	99.3
于光仁	63	76.3	139.3
于桐光	23	79.6	102.6
于淋光	60.5	91.3	151.8
于浓光	62	69.0	131.0
于光薪	24	74.0	98.0
于光然	62.5	81.3	143.8
于光群	23	66.6	89.6
于光萧	24	72.6	96.6
于采光	22	79.9	101.9
于坪光	22	85.6	107.6
于备光	60.5	91.3	151.8
于光芦	22.5	78.4	100.9
于之光	22	81.5	103.5
于洁光	62	72.8	134.8
于光汁	62	77.3	139.3
于光全	22	77.3	99.3
于光泉	64	82.0	146.0
于辛光	62	79.9	141.9
于亮光	22	87.6	109.6
于本光	21	77.0	98.0
于植光	20.5	91.3	111.8
于莆光	21	74.6	95.6
于绍光	63.5	70.4	133.9
于榆光	21	74.6	95.6
于光连	23	75.7	98.7
于光祥	65.5	70.1	135.6
于光立	22	72.4	94.4
于绢光	21	74.6	95.6
于薄光	62	78.1	140.1
于晶光	20.5	91.3	111.8
于光沥	65	75.0	140.0
于光方	63	76.3	139.3
于光梁	25.5	70.1	95.6
于沐光	62	85.6	147.6
于光凉	25	71.3	96.3
于登光	20.5	91.3	111.8
于光良	22	81.3	103.3
于榭光	22	79.4	101.4
于光彦	24	82.0	106.0
于晋光	23	79.6	102.6
于苗光	63.5	70.4	133.9
